mgrastID;unclassified (derived from Bacteria);Streptococcus;Lactobacillus;Listeria;Actinomyces;Abiotrophia;Veillonella;Megasphaera;Reinekea;Kineococcus;Prevotella;Propionibacterium;Paenibacillus;Bacillus;Bacteroides;Shewanella;Blautia;Dethiobacter;Bifidobacterium;Escherichia;unclassified (derived from Clostridiales Family XI. Incertae Sedis);Eubacterium;Atopobium;Rothia;Mesoplasma;Heliobacterium;Gemella;Oribacterium;Fusobacterium;Turicibacter;Acetivibrio;Leptotrichia;Butyrivibrio;Riemerella;Oikopleura;Proteus;Syntrophus;Corynebacterium;Streptomyces;Selenomonas;Coptotermes;Faecalibacterium;unclassified (derived from Peptostreptococcaceae);Peptostreptococcus;Clostridium;Paraprevotella;Mycobacterium;Nocardia;Cycas;Megamonas;Oryza;Dialister;Synechococcus;Capnocytophaga;Treponema;Chlorobaculum;Cellulosilyticum;Enterococcus;Porphyromonas;Staphylococcus;Burkholderia;Ixodes;Mobiluncus;Pseudoflavonifractor;Caldanaerobacter;Campylobacter;Eikenella;unclassified (derived from unclassified sequences);Ochrobactrum;Yersinia;unclassified (derived from Clostridiales);Acidaminococcus;Halanaerobium;Parabacteroides;Parascardovia;unclassified (derived from Synergistetes);Alloscardovia;Haemophilus;Leuconostoc;Mycoplasma;Pasteurella;Rhodococcus;Slackia;Tannerella;Wolinella;Actinobaculum;Anaplasma;Bulleidia;Butyricimonas;Chromobacterium;Coprococcus;Cryptobacterium;Curvibacter;Desulfotomaculum;Granulicatella;Neisseria;Pseudovibrio;Rikenella;Ruminococcus;Scardovia;Thermoactinomyces;unclassified (derived from Betaproteobacteria);unclassified (derived from Gammaproteobacteria);unclassified (derived from Peptococcaceae);Aggregatibacter;Vagococcus;Soehngenia;Trichococcus;Brucella;Actinobacillus;Aerococcus;Kingella;Lysinibacillus;Rhodospirillum;Thauera;unclassified (derived from Pasteurellaceae);unclassified (derived from Proteobacteria);Pinus;Erysipelothrix;Sphingobacterium;Catenibacterium;unclassified (derived from Bacteroidetes);unclassified (derived from Erysipelotrichaceae);unclassified (derived from Alphaproteobacteria);Nocardioides;Streptobacillus;Peptoniphilus;unclassified (derived from Epsilonproteobacteria);Anaerostipes;Nesterenkonia;Prolixibacter;Finegoldia;Leptospira;Elizabethkingia;Hespellia;Azoarcus;Moraxella;Helicobacter;Frankia;Tissierella;Desulfobulbus;Sporanaerobacter;Sebaldella;Syntrophomonas;Basfia;Ethanoligenens;Halothiobacillus;Micrococcus;unclassified (derived from Ruminococcaceae);Oscillatoria;Weeksella;Shuttleworthia;Microlunatus;Pyramidobacter;Acetobacter;Thermincola;Brugia;Solanum;Anaerobacillus;Azospirillum;Thermomonospora;Helcococcus;Populus;Ureaplasma;Desulfonauticus;Phenylobacterium;Hymenobacter;Kurthia;Lactococcus;Mus;Stigeoclonium;Tenacibaculum;unclassified (derived from Lachnospiraceae);Arthrobacter;Deinococcus;Planomicrobium;Arcanobacterium;Brachybacterium;Coxiella;Exiguobacterium;Achromobacter;Alkaliphilus;Desulfuromonas;Flavobacterium;Kribbella;Phyllobacterium;Pseudomonas;Spirochaeta;Acinetobacter;Alicyclobacillus;Alkalibacterium;Catonella;Chryseobacterium;Coenonia;Cytophaga;Dietzia;Eggerthella;Epulopiscium;Geodermatophilus;Homo;Isosphaera;Pedobacter;Providencia;Rhodopseudomonas;Sphaerobacter;Vitis;Xylanimicrobium;Stenotrophomonas;Leifsonia;Marinomonas;Chitinophaga;unclassified (derived from Flavobacteriaceae);Legionella;Spirosoma;Gramella;Dyadobacter;Mucilaginibacter;unclassified (derived from Flavobacteriales);Leeuwenhoekiella;Zunongwangia;Rhodopirellula;Planctomyces;Leadbetterella;Maribacter;Klebsiella;Croceibacter;Geobacillus;unclassified (derived from Flavobacteriia);Enhydrobacter;Paludibacter;Robiginitalea;Serratia;Chloroherpeton;Shigella;Anaeromyxobacter;Candidatus Koribacter;Polaribacter;Desulfovibrio;Candidatus Solibacter;Acidobacterium;Pirellula;Marivirga;Algoriphagus;Microscilla;Nitrosococcus;Geobacter;Chthoniobacter;Terriglobus;Symbiobacterium;unclassified (derived from Verrucomicrobiales);Chlorobium;Gloeobacter;Magnetospirillum;Methylibium;Cupriavidus;Haliangium;Sorangium;Opitutus;Bdellovibrio;Sphingomonas;Dechloromonas;Psychroflexus;Dokdonia;Pelobacter;Cyanothece;Chloroflexus;Erwinia;Myxococcus;Nostoc;Acidovorax;Xanthomonas;Microcystis;Rhizobium;Bradyrhizobium;Methylobacterium;Psychrobacter;Herpetosiphon;Cellulophaga;Tetrahymena;Methylobacter;Photobacterium;Anaerolinea;Methylococcus;Methylobacillus;Methanosarcina;Roseiflexus;Kordia;Aeromonas;Desulfitobacterium;Aliivibrio;Brevibacillus;Caulobacter;Candidatus Amoebophilus;Anoxybacillus;Sulfurimonas;Anabaena;Plesiocystis;Vibrio;Diplosphaera;Pedosphaera;Xanthobacter;Xylella;Methylotenera;Myroides;Granulicella;Macrococcus;Edwardsiella;Erythrobacter;Nitrosomonas;Prosthecochloris;Thermus;Alistipes;Meiothermus;Truepera;Rickettsia;Sideroxydans;Chelativorans;Saccharophagus;Rhodothermus;Thermaerobacter;Acaryochloris;Pseudoalteromonas;unclassified (derived from other sequences);Salinibacter;Caldicellulosiruptor;Gemmatimonas;Desulfococcus;Blastopirellula;Bordetella;Thermoanaerobacter;Candidatus Chloracidobacterium;Congregibacter;Nitrobacter;Thioalkalivibrio;Albidiferax;Parachlamydia;Candidatus Protochlamydia;Verrucomicrobium;Rhodomicrobium;Salmonella;Nodularia;Dickeya;Rhodobacter;Ralstonia;Polaromonas;Teredinibacter;Desulfomicrobium;Ktedonobacter;Pantoea;Gemmata;Microcoleus;Mesorhizobium;Roseobacter;Waddlia;Petrotoga;Methylovorus;Paracoccus;Gordonia;Neptuniibacter;Herminiimonas;Thiobacillus;Plasmodium;unclassified (derived from Siphoviridae);Coprinopsis;Azorhizobium;Thermosynechococcus;Variovorax;Thiomonas;Carboxydothermus;Parvibaculum;Candidatus Azobacteroides;Desulfobacterium;Holdemania;Azotobacter;Oceanicola;Sulfurovum;Candidatus Desulforudis;Streptosporangium;Psychromonas;Akkermansia;Methylocella;Polysphondylium;Ustilago;Syntrophobacter;Gibberella;Pelodictyon;Janthinobacterium;Ruegeria;Trichodesmium;Moritella;Nematostella;Delftia;Stigmatella;Methylosinus;Pectobacterium;Arabidopsis;Idiomarina;Saccharopolyspora;Beijerinckia;Citrobacter;Methylocystis;Lutiella;Mariprofundus;Pelotomaculum;Alcanivorax;Kyrpidia;Polynucleobacter;Wolbachia;Cyanidioschyzon;Marinobacter;Gluconobacter;Aquifex;Oceanicaulis;Odontella;Kangiella;Methanosphaerula;Oxalobacter;Ricinus;Tolumonas;Brevundimonas;Sinorhizobium;Archaeoglobus;Hahella;Hydrogenivirga;Oenococcus;Physcomitrella;unclassified (derived from Rhodobacterales);Aromatoleum;Candidatus Accumulibacter;Magnetococcus;Micromonospora;Desulfohalobium;Francisella;Oligotropha;unclassified (derived from Euryarchaeota);Lyngbya;Caenorhabditis;Calditerrivibrio;Methanocella;Blattabacterium;Oscillochloris;Acidithiobacillus;Agrobacterium;Methanospirillum;Nitrosospira;Novosphingobium;Xenopus;Alteromonas;Colwellia;Desulfurispirillum;Trichormus;Bacteriovorax;Desulfatibacillum;Rubrobacter;Allochromatium;Saccharomyces;Gluconacetobacter;Sulfurihydrogenibium;Thermoanaerobacterium;Thermodesulfovibrio;Cellvibrio;Enterobacter;Filobasidiella;Sulfitobacter;Dictyoglomus;Gallus;Orientia;Synechocystis;Thermotoga;Comamonas;Dinoroseobacter;Methanoregula;Photorhabdus;Prochlorococcus;Roseovarius;Caminibacter;Desulfarculus;Methanococcus;Picrophilus;Cronobacter;Vanderwaltozyma;Acidiphilium;Alkalilimnicola;Asticcacaulis;Aurantimonas;Deferribacter;Dictyostelium;Euglena;Planococcus;Stackebrandtia;Thermosinus;Aspergillus;Halothermothrix;Sodalis;unclassified (derived from Acidobacteriales);Arcobacter;Persephonella;Granulibacter;Maritimibacter;Methanoculleus;Nitrospira;Sanguibacter;Pneumocystis;unclassified (derived from Alteromonadales);Eremococcus;Gallionella;Lentisphaera;Maricaulis;Phytophthora;Rahnella;Drosophila;Halomonas;Micromonas;Pyrococcus;Schistosoma;Alicycliphilus;Anaerococcus;Dehalococcoides;Fervidobacterium;Laribacter;Thermococcus;Methanocorpusculum;Sulfolobus;Thermobaculum;Candidatus Cloacamonas;Histophilus;Sulfurospirillum;Xenorhabdus;Arthrospira;Cellulomonas;Crocosphaera;Desulfonatronospira;Desulfotalea;Hyphomicrobium;Methanocaldococcus;Moorella;unclassified (derived from Campylobacterales);unclassified (derived from Sphingobacteriales);Anopheles;Brevibacterium;Coraliomargarita;Hydra;Loktanella;Nitrococcus;Sphingopyxis;unclassified (derived from Enterobacteriaceae);Amycolatopsis;Candidatus Phytoplasma;Chlamydia;Chromohalobacter;Cylindrospermopsis;Flammeovirga;Ilyobacter;Leptothrix;Succinatimonas;Ajellomyces;Conexibacter;Denitrovibrio;Nakamurella;Nitratifractor;Oceanobacillus;Segniliparus;Thermobispora;Verminephrobacter;unclassified (derived from Deltaproteobacteria);unclassified (derived from Rhodobacteraceae);Cardiobacterium;Dichelobacter;Halorhodospira;Metallosphaera;Nocardiopsis;Postia;Pyrobaculum;Roseomonas;Thermocrinis;Trichomonas;Yarrowia;unclassified (derived from Oceanospirillales);Aminomonas;Brachyspira;Candidatus Kuenenia;Ciona;Desulfurococcus;Endoriftia;Methylacidiphilum;Methylophaga;Ostreococcus;Phaeobacter;Anaerotruncus;Aureococcus;Beutenbergia;Borrelia;Chlamydophila;Ferroglobus;Herbaspirillum;Kocuria;Lawsonia;Methanococcoides;Ogataea;Raphidiopsis;Salinispora;Sclerotinia;Actinosynnema;Ahrensia;Aphanizomenon;Candidatus Sulcia;Coprothermobacter;Hyphomonas;Lautropia;Leptospirillum;Mannheimia;Methanosphaera;Neurospora;Oryzias;Paulinella;Pediococcus;Pongo;Rattus;Acetohalobium;Aedes;Ammonifex;Anaerofustis;Capsaspora;Danio;Haloterrigena;Hoeflea;Laccaria;Methanobrevibacter;Methanothermococcus;Monosiga;Natranaerobius;Nitratiruptor;Oceanibulbus;Octadecabacter;Penicillium;Puccinia;Syntrophothermus;Thermobifida;Thermomicrobium;Zymomonas;Acidothermus;Aeropyrum;Afipia;Apis;Beggiatoa;Bermanella;Bos;Candidatus Pelagibacter;Carnobacterium;Chaetomium;Clavibacter;Collinsella;Dorea;Fulvimarina;Halalkalicoccus;Haloarcula;Macaca;Magnaporthe;Morganella;Parvularcula;Roseburia;Schizosaccharomyces;Sorghum;Starkeya;Thalassiosira;Thermofilum;Thermosediminibacter;Thermosipho;Thiomicrospira;Triticum;Tsukamurella;Volvox;Weissella;unclassified (derived from Vibrionaceae);Aciduliprofundum;Acyrthosiphon;Aeromicrobium;Aminobacterium;Anaerobaculum;Arsenophonus;Bartonella;Bilophila;Buchnera;Canis;Citreicella;Coprobacillus;Debaryomyces;Dermacoccus;Desulfurivibrio;Ectocarpus;Elusimicrobium;Entamoeba;Eremothecium;Ferrimonas;Fibrobacter;Gardnerella;Glaciecola;Glycine;Grosmannia;Kitasatospora;Methanohalophilus;Methanothermobacter;Monodelphis;Natrialba;Oceanithermus;Olsenella;Ornithobacterium;Ornithorhynchus;Pan;Paracoccidioides;Pisum;Pyrenophora;Saccoglossus;Simonsiella;Sphingobium;Sutterella;Tetraodon;Thalassobium;Thermanaerovibrio;Thermoplasma;Thermovibrio;Thiocapsa;Victivallis;Acholeplasma;Acidimicrobium;Ailuropoda;Bidessodes;Candida;Candidatus Hamiltonella;Craterostigma;Cyanidium;Daphnia;Dethiosulfovibrio;Ehrlichia;Equus;Gasterosteus;Haladaptatus;Halogeometricum;Halorhabdus;Harpegnathos;Heliobacillus;Janibacter;Jonquetella;Ketogulonicigenium;Labrenzia;Lachancea;Leptosphaeria;Marinitoga;Methanopyrus;Methanosaeta;Methylocapsa;Methylophilus;Meyerozyma;Naegleria;Natronomonas;Nautilia;Neosartorya;Nitrosopumilus;Oceanospirillum;Pannonibacter;Pediculus;Phaeodactylum;Phascolarctobacterium;Porphyra;Pseudoxanthomonas;Rickettsiella;Roseibium;Selaginella;Sordaria;Sterkiella;Subdoligranulum;Sulfuricurvum;Sus;Taeniopygia;Taylorella;Toxoplasma;Trichoplax;unclassified (derived from Methylophilales);unclassified (derived from Myxococcales);unclassified (derived from Nitrospinaceae);unclassified (derived from Poribacteria);unclassified (derived from Vibrionales);Citromicrobium;Phormidium;Catenulispora;Leptolyngbya;Xylanimonas;Dehalogenimonas;Cenarchaeum;Hydrogenobaculum;Pelagibaca;unclassified (derived from Chroococcales);Hirschia;Nicotiana;Kosmotoga;Renibacterium;Limnobacter;Trueperella;Arthroderma;unclassified (derived from Cyanobacteria);Hydrogenobacter;Methanohalobium;Tropheryma;Candidatus Regiella;Methanothermus;unclassified (derived from Elusimicrobia);Candidatus Magnetobacterium;Lupinus;Saccharomonospora;Guillardia;Rhadinovirus;Camponotus;Kytococcus;Limnanthes;Metarhizium;Podospora;Pyropia;Strongylocentrotus;unclassified (derived from Archaea);unclassified (derived from Caudovirales);Aneurinibacillus;Jannaschia;Jonesia;Zea;unclassified (derived from Thaumarchaeota);Brassica;Cyanobium;Glossina;Microchaete;Tolypothrix;Ulva;unclassified (derived from Chloroflexi);Cavia;Chlorella;Enterocytozoon;Halobacterium;Neorickettsia;Solobacterium;Actinidia;Branchiostoma;Culex;Cyanophora;Filifactor;Leishmania;Medicago;Spirulina;T4-like viruses;Tribolium;Bombyx;Candidatus Puniceispirillum;Chlamydomonas;Fischerella;Galdieria;Intrasporangium;Kluyveromyces;Mitsuokella;Nectria;Paramecium;Pseudoramibacter;Spinacia;Staphylothermus;unclassified (derived from Actinobacteria (class));unclassified (derived from Rhodospirillales);Blastocystis;Caldivirga;Candidatus Blochmannia;Candidatus Liberibacter;Chlorovirus;Dolichospermum;Emericella;Flexibacter;Gracilaria;Haloquadratum;Heliothis;Inovirus;Katsuwonus;Lepeophtheirus;Nakaseomyces;Nonomuraea;Pavlova;Phaeosphaeria;Picea;Porphyridium;Scheffersomyces;Scytonema;Takifugu;Talaromyces;Terrimonas;Theileria;Verticillium;unclassified (derived from Eukaryota);unclassified (derived from Pelagophyceae);unclassified (derived from Podoviridae);unclassified (derived from Pseudomonadales);Tetragenococcus;Pectinatus;Moniliophthora;Syntrophococcus;unclassified (derived from Viruses);Trichinella;Gallibacterium;Alcaligenes;Spiroplasma;Microbacterium;Peptococcus;Pseudonocardia;unclassified (derived from Firmicutes);Phocoenobacter;Nicoletella;Collimonas;Terrabacter;Anaerobranca;Brochothrix;unclassified (derived from Comamonadaceae);Sinopodophyllum;Acetobacterium;Bogoriella;Rhodovulum;Phillyrea;Leucobacter;Bibersteinia;Cellulosimicrobium;Pseudoclavibacter;Sporosarcina;Diaphorina;Oxobacter;Pseudobutyrivibrio;Halobacillus;Schizymenia;Trichophyton;Volucribacter;Caloramator;Pleurocapsa;Sisymbrium;Thermacetogenium;Brachymonas;Chondromyces;Sporomusa;Tetrasphaera;Planktothrix;Kinetoplastibacterium;Atopobacter;Desulfonatronovibrio;Enterorhabdus;Trypanosoma;Robinsoniella;Stenoxybacter;Actinomadura;Anaeroplasma;Aquaspirillum;Candidatus Arthromitus;Flectobacillus;Flexithrix;Avibacterium;Psilotum;Glycomyces;Heterosigma;Raoultella;Fucus;Fusibacter;Vaccinium;unclassified (derived from Xanthomonadaceae);Blechnum;Rathayibacter;Acidithiomicrobium;Aquabacterium;Lonepinella;Mechercharimyces;Metascardovia;Nannocystis;Nasonia;Pseudendoclonium;Thermodesulfobium;Welwitschia;unclassified (derived from Thermoanaerobacterales);Castellaniella;Lodderomyces;Tatumella;Thalassospira;unclassified (derived from Propionibacteriaceae);Citrus;Sporolactobacillus;Derxia;Rana;Kluyvera;Capra;Ammotragus;Ovis;Peromyscus;Mandrillus;Zingiber;Odocoileus;Fluoribacter;Lama;unclassified (derived from Myoviridae);Tarsius;Lambda-like viruses;Tapirus;unclassified (derived from Crenarchaeota);Loxodonta;Hartmannella;Crambe;Hipposideros;Oryctolagus;Cryptosporidium;Kibdelosporangium;Otolemur;Halomicrobium;unclassified (derived from Planctomycetales);Enterovirus;unclassified (derived from Burkholderiales);Coccidioides;Macroderma;Tragelaphus;Candidatus Parvarchaeum;I3-like viruses;Schizophyllum;Giardia;Haloferax;SPO1-like viruses;Camelus;Methanoplanus;Perkinsus;Saccharothrix;unclassified (derived from Planococcaceae);Macropus;Malassezia;Citrullus;Ignisphaera;Loa;Chaetosphaeridium;Prototheca;Sulfobacillus;Thermosphaera;Callithrix;Clavispora;Danaus;Glomerella;Gordonibacter;Macrotus;Marchantia;P1-like viruses;Pseudochirops;Thermoproteus;Tuber;Chara;Cicer;Helicosporidium;Ignicoccus;Leitoscoloplos;Lentivirus;Mekongiana;Nephroselmis;P2-like viruses;Phaeovirus;Pullulanibacillus;Sagittula;Uncinocarpus;unclassified (derived from Verrucomicrobia);Acanthamoeba;Acidilobus;Advenella;Agalychnis;Alfaro;Arterivirus;Bactrocera;Beta;Botryotinia;Calopompilus;Candidatus Riesia;Ceratosolen;Chlorocebus;Chrysomya;Cissus;Crocuta;Cytomegalovirus;Dactylosporangium;Donacia;Echinococcus;Ensifer;Ferroplasma;Halorubrum;Haplomitrium;Helicoverpa;Hirudo;Hydractinia;Hyperthermus;Ipomoea;Lotus;Malus;Mimivirus;Mizuhopecten;Ochlerotatus;Papio;Paxillus;Persicobacter;Petromyzon;Phalaenopsis;Phascolion;Pheidole;Placopyrenium;Porites;Prasinovirus;Pseudanabaena;Pseudopus;Pylaiella;Silene;Simplexvirus;Taphozous;Trichechus;Varicellovirus;Vulcanisaeta;Wigglesworthia;unclassified (derived from Acidobacteria);unclassified (derived from Pseudomonadaceae);Uroplatus;Antirrhinum;Musa;Coturnix;Ilex;Melanoseps;Scylla;Zygosaccharomyces;Ficus;Cynomorium;Cucumis;Arceuthobium;Oxalis;unclassified (derived from Streptophyta);Morus;Platanus;Brachypodium;Pelargonium;Myriophyllum;Azohydromonas;Lathyrus;Lonicera;Prosthecobacter;Coptis;Cuscuta;Epifagus;Nerium;Turicella;Arachis;Cistus;Cocos;Hedycarya;Liriodendron;Festuca;Austrobaileya;Ginkgo;Bergeyella;Cibotium;Danaea;Daucus;Flindersia;Plicosepalus;Virgibacillus;Hafnia;Bradypus;Rhinoceros;unclassified (derived from Methylophilaceae);Pantholops;Scalopus;unclassified (derived from Mononegavirales);Dugesia;Betabaculovirus;Rhinolophus;Caligus;Megaderma;Erinaceus;Pipistrellus;Salmo;Babesia;Chrysocyon;Scapanus;Vaucheria;Cervus;Cricetomys;Hylobates;Komagataella;Suipoxvirus;Yatapoxvirus;unclassified (derived from Cricetidae);AHJD-like viruses;Alces;Aviadenovirus;Candidatus Hodgkinia;Caretta;Cichorium;Cordyceps;Cyclobacterium;Dependovirus;Elephas;Encephalitozoon;Epsilon15-like viruses;Foveavirus;Gossypium;Hepacivirus;Mystacina;Ophiura;Rhizopus;Solenopsis;Sphaeroma;Accipiter;Acremonium;Aegilops;Arenavirus;Asterias;Atadenovirus;Aterica;Atheta;Betapapillomavirus;Bigelowiella;Bubalus;Carassius;Cryobacterium;Echinops;Entodinium;Haliotis;Helianthus;Hyacinthus;Influenzavirus A;Kappapapillomavirus;Karenia;Leposternon;Lutzomyia;Margelopsis;Megalocytivirus;Mesembryanthemum;Metaseiulus;Muromegalovirus;Mycoreovirus;Nairovirus;Nanoarchaeum;Neoceratium;Neogonodactylus;Nosema;Orgyia;Paguma;Panus;Phaseolus;PhiC31-like viruses;Phoradendron;Pyramimonas;Rhizophora;Rosellinia;Roseolovirus;SPbeta-like viruses;Salvelinus;Streptopelia;T7-like viruses;Tadarida;Trachipleistophora;Triturus;Tymovirus;Vulpes;c2-like viruses;phiKMV-like viruses;phiKZ-like viruses;unclassified (derived from Phycodnaviridae);L5-like viruses;P22-like viruses;Bpp-1-like viruses;Phi29-like viruses;Ceratocystis;Acetabularia;Achalinus;Oenothera;Delphinus;Candidatus Korarchaeum;Schistocerca;Talpa;unclassified (derived from Nitrospirae);Cycloclasticus;Cyprinivirus;N4-like viruses;Coffea;Alphabaculovirus;Avipoxvirus;Begonia;Cystobacter;Graphiurus;Mastadenovirus;Phlebovirus;T5-like viruses;Vigna;Acipenser;Aldrovandia;Allomyces;Arthrobotrys;Ascaris;Candidatus Micrarchaeum;Ceratopteris;Chalinolobus;Chondrus;Colobus;Condylostoma;Crassostrea;Cryptodiscus;Cryptomonas;Daedalea;Dasypus;Deltaretrovirus;Emiliania;Fijivirus;Glomeris;Glyptapanteles;Hadronyche;Halocynthia;Hibberdia;Hippopotamus;Hordeum;Huperzia;Hydrogenophilus;Hyla;Ictalurivirus;Microgadus;Necator;Orthopoxvirus;Petroselinum;Phemeranthus;Phycomyces;Piscirickettsia;Potorous;Procavia;Pseudotrillium;Rudivirus;Spumavirus;Sulfuritalea;T1-like viruses;Thinopyrum;Tofieldia;Trichodina;Tupaia;Vanessa;unclassified (derived from Marseillevirus family);unclassified (derived from Microviridae);unclassified (derived from Rhizobiales);unclassified (derived from Sphingomonadaceae);Globicatella;Trifolium;Taraxacum;unclassified (derived from Gemmatimonadales);Agaricus;Clymenella;Clonorchis;Oreochromis;Aminobacter;Ceratotherium;Atelestus;Autographa;Betaentomopoxvirus;Bromus;Caenolestes;Candelariella;Cataetyx;Claviceps;Coccolithovirus;Cricetulus;Crithidia;Crocodylus;Curtobacterium;Dunaliella;Etroplus;Eucalyptus;Eufolliculina;Gammaretrovirus;Heliconius;Hemiselmis;Ichnovirus;Lysobacter;Mesobuthus;Mesocricetus;Mortierella;Myotis;Neverita;Odobenus;Ophiostoma;Papaver;Parachlorella;Pestivirus;Phanerochaete;Pleurodeles;Pseudantechinus;Pycnonotus;Pyrenomonas;Ranavirus;Rhyparobia;Ricordea;SP6-like viruses;Sechellophryne;Sisymbriopsis;Streptocephalus;Taenia;Tenebrio;Tursiops;Vicia;Whispovirus;unclassified (derived from Dicistroviridae);unclassified (derived from Methylococcaceae);unclassified (derived from Nitrosomonadaceae);unclassified (derived from Thermotogales);Pteropus;Circovirus;Mamastrovirus;Panthera;Arctocephalus;Nanovirus;Halisarca;Nasua;Chelonoidis;Platysternon;Actinoplanes;Adiantum;Astrospartus;Crossarchus;Didelphis;Etheostoma;Heterodera;Liolaemus;Ochna;Onoclea;Parechinus;Philodina;Salpingoeca;Starmerella;Trimma;Typhlonectes;Vandiemenella;unclassified (derived from Neanuridae);Typha;Asfivirus;Entomoplasma;Rhodomonas;Drimys;Leptosira;Epiphyas;Raphanus;Castanea;Chlorokybus;Fusarium;Lucilia;Pluchea;Agrotis;Antheraea;Capripoxvirus;Carex;Chaerephon;Clupea;Euperipatoides;Funneliformis;Haemaphysalis;Ligia;Listonella;Mesostigma;Morella;Paralithodes;Percopsis;Peristenus;Petunia;Plocamiocolax;Prunus;Rubrivivax;Scenedesmus;Sorex;unclassified (derived from Fungi);unclassified (derived from Squamata);unclassified (derived from Alloherpesviridae);Luteovirus;Blastochloris;Ictalurus;Giraffa;Microcosmus;Passalora;Phraortes;Platynereis;Ammi;Astropecten;Lepidochitona;Rotavirus;Stephanoeca;unclassified (derived from Herpesviridae);unclassified (derived from Oxymonadida);Alphapapillomavirus;Amoebophrya;Anoplopoma;Basidiobolus;Betacoronavirus;Bhargavaea;Bionectria;Bombina;Candidatus Zinderia;Carlavirus;Centaurium;Chalcedectus;Chrysomela;Chrysovirus;Coelophrys;Corallochytrium;Cyprinus;Deltabaculovirus;Denticeps;Diaphorobacter;Dysdera;Fasciola;Fundulus;Ganoderma;Gavia;Gentiana;Helietta;Hyaloperonospora;Hydrogenophaga;Hypophthalmichthys;Influenzavirus C;Lechevalieria;Lexingtonia;Lissotriton;Lonchoptera;Mabuya;Manduca;Mastrevirus;N15-like viruses;Neocallimastix;Neolamprologus;Orthobunyavirus;Penaeus;Poa;Polioptila;Procambarus;Pseudozyma;Psidium;Pteris;Pyganodon;Rozella;Saccharum;Suberites;Syncephalastrum;Tamarix;unclassified (derived from Campylobacteraceae);Candidatus Rhodoluna;Mariniflexile;Mupapillomavirus;Balearica;Durinskia;Synodontis;Ascovirus;Balaenoptera;Flaveria;Flavivirus;Lemna;Milyeringa;Morone;Onchocerca;Oncorhynchus;Parapoxvirus;Rainieria;Aletris;Alphacoronavirus;Alvinella;Amylomyces;Aotus;Argulus;Armadillidium;Austrofundulus;Batrachovirus;Bicaudavirus;Bodo;Cancellaria;Centella;Cerrena;Craugastor;Cryptococcus;Ctenocephalides;Cupressus;Cyamopsis;Desulfotignum;Dimargaris;Eimeria;Elassoneuria;Epinotia;Euphorbia;Gammacoronavirus;Gorilla;Hapalemur;Hemitheconyx;Hyalomma;Hypsibius;Junonia;Lymphocystivirus;Lynceus;Mardivirus;Methanobacterium;Mnemiopsis;Naumovozyma;Nepovirus;Nitella;Oncopeltus;Ornithodoros;Orthohepadnavirus;Oscarella;Percavirus;Phalacrocorax;Plectroctena;Pleurotus;Proboscivirus;Rosa;Sapovirus;Scyliorhinus;Sebastes;Sturnus;Tachyglossus;Tenuivirus;Tigriopus;Torpedo;Tospovirus;Trichoplusia;Uncia;Zaprionus;unclassified (derived from Hymenoptera);unclassified (derived from Julida);unclassified (derived from Picornaviridae);unclassified (derived from Poxviridae);unclassified (derived from Spirochaetales);Lentzea;Atopostipes;Geitlerinema;Marinoscillum;Descolea;Leucostoma;Roseococcus;Ewingella;Actinocorallia;Agromyces;Auricularia;Cobetia;Indoaustriella;Laceyella;Massilia;Saccharomycopsis;Stenopteronyssus;Wautersiella;Chaetoceros;Melosira;Tmesipteris;Zoogloea;Rubritalea;Gallicola;Dacrydium;Dyella;Sporocytophaga;Thalassionema;Ochromonas;Botryosphaeria;Dinophysis;Phragmidium;Abies;Barnesiella;Chroomonas;Cyberlindnera;Nelumbo;Phaeoceros;Pseudolarix;Thermoleophilum;Vorticella;Williamsia;unclassified (derived from Verrucomicrobiaceae);unclassified (derived from Desulfuromonadales);Marinospirillum;Okibacterium;Oocystis;Wohlfahrtiimonas;Asterionellopsis;Capsella;Crucihimalaya;Isoetes;Olimarabidopsis;Paralactobacillus;Synedra;unclassified (derived from Rhodocyclaceae);Roseateles;Panurgus;Plesiomonas;Sporothrix;Candidatus Kleidoceria;Mangroveibacter;unclassified (derived from Flavobacteria);Gymnochlora;Pichia;unclassified (derived from Candidatus Poribacteria);unclassified (derived from Opitutaceae);Quercus;Emex;Ilarvirus;Perna;Chauliognathus;Dugong;Oleispira;Potyvirus;Allium;Batrachoseps;Croton;Distoechurus;unclassified (derived from Paramyxoviridae);Antonospora;Herpestes;Lobodon;Microtus;Phyllostachys;Plantago;Thiothrix;unclassified (derived from Alicyclobacillaceae);unclassified (derived from Halobacteriaceae);unclassified (derived from Verrucomicrobia subdivision 3);Aphanomyces;Apium;Asparagus;Atteva;Begomovirus;Brevoortia;Calylophus;Candidatus Curculioniphilus;Candidatus Ishikawaella;Clarkia;Copsychus;Crinivirus;Cucumaria;Emballonura;Friesea;Gracilariopsis;Hantavirus;Hanusia;Haptotrichion;Ichthyomyzon;Lepisosteus;Lobelia;Lycium;Melianthus;Moneuplotes;Necrobia;Notothenia;Peranema;Perilla;Phoenicolacerta;Phyllomedusa;Piliocalyx;Pionopsitta;Plakortis;Pleurostylia;Polygonatum;Pyrenula;Saara;Saprolegnia;Schistomeringos;Sphaerospira;Stevia;Tatlockia;Tenrec;Tetraselmis;Varanus;Xestia;unclassified (derived from Caulobacteraceae);unclassified (derived from Moraxellaceae);Anhinga;Felis;Notophthalmus;Microgale;Dianthus;Ancylostoma;Colletotrichum;Asimina;Coccomyxa;Juncus;Laniarius;Orectolobus;Passerina;Adineta;Alternaria;Aphthovirus;Aspasma;Blattella;Catharanthus;Choristoneura;Dahlia;Diphasiastrum;Dissostichus;Flammulina;Globulovirus;Heterocapsa;Hortaea;Lipophrys;Norovirus;Nuphar;Orthoreovirus;Pelodiscus;Plethodon;Riftia;Streptoalloteichus;Taihangia;Teschovirus;Totivirus;Viridovipera;Chattonella;Pyrrosia;Campostoma;Polycentropus;Rhabdophis;Dendroctonus;Ebolavirus;Leporipoxvirus;Paravahlkampfia;Pimelobacter;Plecoglossus;Cressida;Ginglymostoma;unclassified (derived from Rickettsiales);Anolis;Aplysia;Bixa;Carausius;Chrysopathes;Clytia;Cystovirus;Dicyema;Histrio;Iridovirus;Lampetra;Limulus;Paulownia;Philorus;Phlebotomus;Plakina;Pyrocystis;Rivula;Ruminobacter;Sirhookera;Symbiodinium;Triatoma;Trichosurus;Venustaconcha;Cupiennius;Mu-like viruses;Badnavirus;Euprosthenops;Latrodectus;Cercospora;Dendrocalamus;Schizochytrium;Nephilengys;Hydrogenothermus;Molgula;Ophiovirus;Pasteuria;Psammodromus;Pseudotsuga;Agelaius;Ctenopharyngodon;Cylindrocarpon;Fusellovirus;Haplonycteris;Scutigerella;unclassified (derived from Anelloviridae);Ascidia;Paucimonas;Physarum;Seadornavirus;Absidia;Anelosimus;Asymmathetes;Carcinoscorpius;Colocasia;Conus;Dactylis;Eumesocampa;Fallopia;Fragaria;Histomonas;Leavenworthia;Lecanicillium;Lecanora;Molluscipoxvirus;Monocercomonas;Neapterolelaps;Nyctotherus;Okavirus;Panulirus;Phialocephala;Piriformospora;Samia;Sinochlora;Sympagella;Tarentola;Thielavia;Torrubiella;unclassified (derived from Desulfobacterales);Polerovirus;Muntiacus;Bergeriella;Secale;unclassified (derived from Chromatiales);Agapornis;Corchorus;Artemia;Cochliobolus;Osmerus;Betaretrovirus;Potamogeton;Propionigenium;Solea;Acorus;Carica;Cerylon;Siniperca;Endornavirus;Astragalus;Lipotes;Spodoptera;unclassified (derived from Clostridiaceae);Anaerobiospirillum;Anguis;Euplotes;Panax;Tragulus;unclassified (derived from Chromerida);Alphavirus;Lymphocryptovirus;Nycticebus;Pyrus;Semibalanus;Tityus;unclassified (derived from Parvoviridae);unclassified (derived from Reoviridae);Avena;Candidatus Odyssella;Capsicum;Phacus;Avulavirus;Caulerpa;Ceratophyllum;Esox;Karlodinium;Maconellicoccus;Pinctada;Tritrichomonas;Angiostrongylus;Cervidpoxvirus;Papilio;Phieco32-like viruses;Schmidtea;Simulium;VP2-like phages;Callicebus;Calumma;Candidatus Carsonella;Candidatus Fritschea;Dendronephthya;Hebeloma;Heliocidaris;Hepevirus;Hypocrea;Hysterangium;Lytechinus;Macavirus;Melanoplus;Oltmannsiellopsis;Phaffia;Sinningia;Squalus;Trichoderma;Uloborus;Xanthophyllomyces;unclassified (derived from Sphingomonadales);Anas;Brotheas;Choloepus;Coprinellus;Eleocharis;Hemidactylus;Isavirus;Leopoldius;Leptoderma;Linum;Monomastix;Mytilus;Prorocentrum;Rubulavirus;Setaria;Sphaerospermopsis;Spironucleus;unclassified (derived from Retroviridae);Angiopteris;Anguilla;Balanoglossus;Barbarea;Bisgaardia;Blumeria;Callorhinchus;Caulimovirus;Chloriridovirus;Delosperma;Desulfosporosinus;Dromiciops;Elysia;Ephydatia;Epichloe;Fagopyrum;Floydiella;Iltovirus;Leptorhynchoides;Leptotrombidium;Litopenaeus;Loligo;Lucanus;Lyssavirus;Methylomonas;Microbispora;Microtetraspora;Miniopterus;Morbillivirus;Omphalotus;Onchidella;Orbivirus;Ostreavirus;Pfiesteria;Piromyces;Syntrichia;Tetrathiobacter;Trametes;unclassified (derived from Clostridia);Acidianus;Aethopyga;Ampelovirus;Andropadus;Argiope;Asymmetron;Barentsia;Boechera;Bryonia;Bufo;Chironomus;Chrysemys;Cynoglossus;Dictyocaulus;Diplothrix;Equisetum;Fructobacillus;Helicopha;Lolium;Lophozia;Manihot;Melampsora;Ornithoctonus;Ostrinia;Paralichthys;Philaenus;Polyomavirus;Polyporus;Polytomella;Prochloron;Sisyphus;Spiranthes;Synemon;Thottea;Aethionema;Agrostis;Amphidinium;Anelytropsis;Aneura;Aptenodytes;Aristolochia;Biomphalaria;Biston;Blastocladiella;Bombus;Bradysia;Candidatus Nitrososphaera;Chromera;Closterovirus;Codonosiga;Cryphonectria;Cryptomeria;Culicoides;Cynopterus;Cypridopsis;Dermocarpa;Desulfitibacter;Desulfonispora;Diospyros;Elaeis;Eperua;Eudromia;Fabavirus;Glyptotendipes;Gonatocerus;Hydroporus;Jasminum;Labeo;Lepidium;Lobularia;Lycoris;Marburgvirus;Meleagris;Nasturtium;Ochrosphaera;Pantherophis;Paracentrotus;Phascolarctos;Phytoreovirus;Platymonas;Pristimantis;Reticulitermes;Russula;Sarcoptes;Spermophilus;Takydromus;Tectivirus;Teratoscincus;Theobroma;Thermochromatium;Thraustochytrium;Tobravirus;Tombusvirus;Tomitella;Xestospongia;Xiphophorus;Xylaria;unclassified (derived from Papillomaviridae);unclassified (derived from Rhabdoviridae);Acheilognathus;Agalinis;Alsophila;Amanita;Anodonta;Anomochloa;Anthocercis;Anthoceros;Aonyx;Aphodius;Apteryx;Arabis;Ascaridia;Bambusa;Betalipothrixvirus;Bitis;Bouteloua;Briareum;Bungarus;Bursaphelenchus;Cafeteria;Caldibacillus;Candidatus Tremblaya;Cardiovirus;Caridina;Centruroides;Cheravirus;Chimonanthus;Chiropotes;Cleome;Coix;Colossendeis;Coltivirus;Cripavirus;Crotalus;Cunninghamella;Cyanoplax;Cynops;Cypovirus;Dendrobium;Dicentrarchus;Diplodactylus;Eleotris;Eleusine;Enchytraeus;Episoriculus;Eptatretus;Eurycea;Eurytemora;Florometra;Gracilariophila;Haplochromis;Heliophilum;Heterocephalus;Hevea;Hylopetes;Isochrysis;Ithaginis;Kerivoula;Kryptoperidinium;LUZ24-like viruses;Larus;Lens;Lepus;Leucoagaricus;Liposcelis;Litoria;Littorina;Locusta;Lonomia;Lycosa;Lymnaea;Madracis;Malawimonas;Malo;Mamestra;Mastigamoeba;Mayetiola;Melissococcus;Methylocaldum;Metridium;Micrurus;Mycosphaerella;Myxosargus;Nassarius;Naumovia;Neochlamydia;Neophocaena;Neotyphodium;Nicrophorus;Pecari;Periplaneta;Placopecten;Plectreurys;Pneumovirus;Pogonoperca;Polypedilum;Pomovirus;Porichthys;Potexvirus;Pristurus;Ranodon;Respirovirus;Rhodinia;Rhodiola;Romanomermis;Rubivirus;Saguinus;Salvia;Sepia;Serinus;Sinonovacula;Smithornis;Strigops;Sulfurisphaera;Tanystylum;Thylamys;Trachylepis;Urechis;Ursus;Valenciennea;Vargula;Vesivirus;Vitreoscilla;Wolffia;Zonotrichia;unclassified (derived from Glomeraceae);Acanthochlamys;Acanthopagrus;Acrocirridae gen. 1 KJO-2009;Acrossota;Agarivorans;Agelenopsis;Agrococcus;Agrocybe;Alnus;Amauta;Amblyomma;Ambystoma;Amphiprion;Antedon;Anthocidaris;Anthonomus;Antilophia;Aphanocalyx;Aquareovirus;Artemisia;Astacopsis;Astrangia;Atropa;Berardius;Berberidopsis;Betula;Blanus;Boltenia;Botryllus;Bracovirus;Brenneria;Brucea;Bruguiera;Cairina;Calycanthus;Candidatus Endobugula;Capparis;Centris;Chauliodus;Cheimonophyllum;Chiloscyllium;Chitala;Chlorogonium;Cicindela;Cladophora;Codonopsis;Colias;Comovirus;Condylura;Coracina;Corallococcus;Cornus;Corylus;Cotesia;Crenadactylus;Cuphea;Cyrilla;Cyrtochilum;Damaliscus;Dermatophilus;Deschampsia;Desmarestia;Diaporthe;Didemnum;Dipodomys;Diretmoides;Doliolum;Drepanotermes;Echium;Eleutherodactylus;Eosphora;Eoxenos;Ephedra;Eremocosta;Eriocheir;Erodium;Eschscholzia;Eupelops;Euryglossina;Eutrichosoma;Forficula;Frigoribacterium;Gammabaculovirus;Gammalipothrixvirus;Geomys;Geothelphusa;Gephyromantis;Geranium;Glekia;Glirulus;Glis;Glomus;Gnathostoma;Gnetum;Gobiodon;Gonyaulax;Griffithsia;Gryllotalpa;Gryllus;Gyalecta;Gymnocladus;Gymnophallus;Haemonchus;Halesia;Halichoeres;Halichondria;Haliclona;Halimeda;Hemicentrotus;Hemigephyra;Hieracium;Holospora;Holothuria;Hoplodactylus;Hyaloraphidium;Hypecoum;Hypericum;Iflavirus;Ilyanassa;Imantonia;Indostomus;Influenzavirus B;Ipomovirus;Kinyongia;Kradibia;Kutzneria;Laccotrephes;Lachesana;Lachnum;Lactuca;Lagenidium;Lamprologus;Lamprophis;Lampropholis;Larimichthys;Leiolepis;Leopoldamys;Leptomonas;Lilium;Lophius;Lota;Loxosceles;Lyciasalamandra;Lymantria;Machlomovirus;Macrobdella;Maculinea;Mallomonas;Malonomonas;Mantidactylus;Mastigocladus;Melanerpes;Meliosma;Meloidogyne;Mentha;Meretrix;Micraira;Milium;Milnesium;Misgurnus;Misodendrum;Mitthyridium;Monascus;Mucor;Murex;Musca;Myosotella;Nannochloris;Nanochromis;Necropsobacter;Necturus;Nepenthes;Nomascus;Norellia;Numenius;Obesumbacterium;Ocimum;Odontesthes;Oligacanthorhynchus;Oligosoma;Olisthodiscus;Ophiopholis;Opisthacanthus;Ostertagia;Pachycondyla;Pachysandra;Pachysolen;Parapriacanthus;Parthenium;Passiflora;Pedinomonas;Pelobates;Pennisetum;Perognathus;Phaeognathus;Phanogenia;Pholas;Phomopsis;Phragmatopoma;Phyllothelys;Physalis;Phytomonas;Pimpinella;Pionus;Piper;Pisaster;Plasmodiophora;Podocoryna;Poecilia;Protopterus;Prumna;Psetta;Psittacus;Pteromonas;Ptilopachus;Pycnococcus;Pythium;Python;Ravenala;Rhinophis;Rhipicephalus;Rhizomucor;Rhodactis;Rimicaris;Riptortus;Saimiri;Sapelovirus;Sarcophyton;Satsuma;Saussurea;Scaphirhynchus;Scarus;Sceloporus;Schwanniomyces;Sejongia;Sesamum;Sicarius;Sigmodon;Sinomenium;Siphlonurus;Sipunculus;Solenostemon;Sophora;Soymovirus;Spatholirion;Staurastrum;Stauroteuthis;Stenella;Stichopus;Strongyloides;Struthio;Stylophora;Suaeda;Tachypleus;Taiwania;Terpsichore;Tetramorium;Tetrapturus;Thalassobius;Thaumasura;Thetapapillomavirus;Thorea;Thryonomys;Tolumnia;Tolypocladium;Tomocerus;Toxorhynchites;Trachelium;Trachemys;Trematomus;Trochodendron;Tropaeolum;Unionicola;Varicosavirus;Varroa;Venerupis;Victorivirus;Wollemia;Xanthotis;Zeugomantispa;Zobellia;unclassified (derived from Circoviridae);unclassified (derived from Flaviviridae);unclassified (derived from Ostreoida);unclassified (derived from Pedinophyceae);unclassified (derived from Poaceae);unclassified (derived from Spionida);unclassified (derived from Thecosomata);unclassified (derived from Tymoviridae);Abacion;Abelia;Abrothrix;Acalolepta;Acalyptophis;Acanthocardia;Acanthogobius;Acetonema;Acrobates;Acrocephalus;Acrochordus;Actaea;Actinomucor;Adonis;Aegiceras;Aegotheles;Aeriscardovia;Aestabdella;Agelena;Aglantha;Agreia;Agropyron;Alania;Alexandrium;Alfamovirus;Alligator;Alopecurus;Alopoglossus;Alouatta;Aloysia;Alpharetrovirus;Alphatorquevirus;Amaranthus;Amaurobius;Amborella;Ambrosia;Amdovirus;Amelanchier;Amia;Amiota;Ammopiptanthus;Amomum;Ampelomyces;Ampelophaga;Amphibacillus;Amphibolurus;Amphiglossus;Amphimedon;Amyema;Ancistrochilus;Androctonus;Andrographis;Aneides;Anethum;Anisolabis;Anncaliia;Anodorhynchus;Anostomus;Anser;Anthriscus;Anticarsia;Aphananthe;Aphanopetalum;Aphrocallistes;Aplysina;Apocrypta;Apodemus;Apogon;Apomatoceros;Aporrectodea;Aposonalco;Apostichopus;Araneus;Arapaima;Arcytophyllum;Ardea;Arenicola;Argentinomyia;Argopecten;Arion;Armoracia;Artibeus;Arundinella;Arytaina;Asarum;Asellus;Aspidoscelis;Astyanax;Ateleopus;Atriplex;Aurelia;Aureobasidium;Australophiloscia;Avenavirus;Avicularia;Axia;Azovibrio;Bacillariornavirus;Bagliettoa;Balanus;Bangiopsis;Baphicacanthus;Batillaria;Batrachuperus;Bayerotrochus;Benedenia;Bipolaris;Bison;Bispora;Blumeriella;Boehmantis;Boehmeria;Bombylius;Borago;Boreus;Bosea;Botryocladia;Botryococcus;Brachidontes;Brachionus;Brachymenium;Brassolis;Brexia;Brienomyrus;Broussonetia;Bubo;Butastur;Butyricicoccus;Buxus;Calabaria;Calanus;Callinectes;Callitropsis;Callosciurus;Camellia;Campylandra;Candidatus Portiera;Capillovirus;Capitella;Capniomyces;Caprella;Cardamine;Cardinalis;Carestiella;Carios;Carlina;Carpediemonas;Carruanthus;Casuarius;Catherpes;Catocala;Cattleya;Cayratia;Cebus;Cedecea;Cedrus;Cenchrus;Centrolene;Centropus;Cepaea;Cephaloleia;Ceratitis;Ceratobasidium;Ceratodon;Cercophora;Cercopithecus;Chaetoderma;Chaetodon;Chanos;Cheilosia;Cheiromeles;Chelonobacter;Chenopodium;Childia;Chilo;Chioglossa;Chionodraco;Chipapillomavirus;Chlamydosaurus;Chlamys;Chloranthus;Chlorogloeopsis;Chlorostilbon;Chromobotia;Chrysichthys;Chrysosplenium;Chrysosporium;Chthamalus;Chymomyza;Chytriomyces;Ciconia;Cimex;Cinclidium;Cissampelos;Cladonia;Clarias;Cleistogenes;Clematis;Closterium;Cnaphalocrocis;Cobitis;Cocculus;Cochlospermum;Cola;Coleochaete;Coleodactylus;Collichthys;Coloceras;Columba;Connomyia;Conocarpus;Conostylis;Convolvulus;Coryphaena;Cottus;Crassula;Cratylia;Crematogaster;Crenicichla;Crenimugil;Cristaria;Crithopsis;Crocidura;Crocus;Crotonia;Ctenodactylus;Ctenosaura;Cubana;Cucumovirus;Cucurbita;Curculio;Cyanea;Cyanobacterium;Cyclotella;Cylindrospermum;Cylindrotheca;Cymbium;Cymbopogon;Cynodon;Cyperus;Cyprinella;Cyprinodon;Cyprogenia;Cyrillopsis;Cytorhabdovirus;Dacrycarpus;Dacrymyces;Dactylella;Dactylococcopsis;Dactylorhiza;Damon;Dascyllus;Dasymaschalon;Dasypyrum;Deinopis;Delphinapterus;Deltapapillomavirus;Dendropoma;Dermacentor;Descurainia;Desulfuromusa;Devario;Dialeurodes;Diaphanoeca;Diaspis;Diatraea;Dictyopteris;Dictyota;Diguetia;Dimastigella;Dinodon;Dioscorea;Diphaltica;Diplonema;Diplotaxis;Dischistodus;Discoglossus;Discopyge;Discosoma;Dissiliaria;Drakaea;Dromaius;Dubautia;Duellmanohyla;Dyodeltapapillomavirus;Echiniscus;Echinometra;Echinopterys;Echinostoma;Echis;Eclysippe;Eidolon;Electrophorus;Elephantulus;Elymus;Emaravirus;Emydocephalus;Ensatina;Entomophthora;Eophreatoicus;Epicoccum;Epidermophyton;Epimartyria;Epinephelus;Epipactis;Eptesicus;Eragrostis;Erethistes;Erica;Euclemensia;Eucommia;Eudiplodinium;Euhadra;Euonymus;Eupristina;Euprymna;Eupsophus;Eurydactylodes;Eurypauropus;Eurypharynx;Eutrema;Eviota;Exophiala;Exorista;Farfantepenaeus;Festucopsis;Flustra;Fluviphylax;Frullania;Fusiturris;Gadus;Galaxiella;Galega;Galinthias;Gallinago;Gambusia;Gammarus;Gandalfus;Garcinia;Gastrimargus;Gaultheria;Gecarcinus;Gegeneophis;Gekko;Gelatoporia;Geminigera;Genetta;Geophilus;Georgfuchsia;Gigantomonas;Girardia;Glaciibacter;Glandora;Glaucosphaera;Globodera;Gloniopsis;Glossomastix;Glottidia;Glugea;Glycyrrhiza;Gnatholepis;Gnomonia;Gomesa;Gremmeniella;Grus;Gymnodraco;Gynura;Gyrodactylus;Gyrovirus;Hapalosiphon;Helina;Helminthostachys;Hemithiris;Henipavirus;Hepatovirus;Heppiella;Herpetomonas;Heterodontus;Heterodoxus;Heterostemon;Hippocampus;Hippospongia;Holcus;Homarus;Hoplosternum;Hua;Humulus;Hydrilla;Hydrodictyon;Hydrogenimonas;Hydroides;Hydrolagus;Hydrosaurus;Hylomys;Hyoscyamus;Hyperolius;Hyphantria;Hypochilus;Hypomesus;Hyposoter;Hypovirus;Hypselecara;Hypsiglena;Hyriopsis;Hystrichopsylla;Ichthyborus;Ichthyophis;Ideonella;Idotea;Ilisha;Impatiens;Imperata;Inula;Inversidens;Iotatorquevirus;Iotrochota;Iphiteon;Ips;Issoria;Jacquemontia;Jaculus;Jenkinsia;Joubertophyllodes;Kalanchoe;Kallichroma;Katharina;Keratoisis;Kneria;Kobuvirus;Koeberlinia;Kotorella;Kryptolebias;Kukulcania;Labeobarbus;Lagorchestes;Lagothrix;Lambdapapillomavirus;Lamium;Lamna;Lamprogrammus;Lampropeltis;Laodelphax;Larix;Laternula;Lathrotriccus;Lebetimonas;Lebronnecia;Leccinum;Lehmannia;Leminorella;Lemonia;Lentinula;Leochilus;Lepidiota;Lepidolaena;Lepilemur;Leptinotarsa;Leptodeira;Lepyrodiclis;Lessonia;Letharia;Lethocerus;Leucopternis;Leucosolenia;Leucothrix;Libocedrus;Ligularia;Limanda;Limax;Limnonectes;Lindernia;Lineus;Lioscincus;Liotyphlops;Lipolagus;Lomariopsis;Lonas;Lophiotoma;Lophopyrum;Lophopyxis;Lubomirskia;Lutra;Lycorma;Lygodium;Lysimachia;Macrobrachium;Macrostemum;Maculavirus;Magnolia;Maldane;Malva;Mammuthus;Mandarivirus;Mangifera;Marafivirus;Marattia;Margaritaria;Marichromatium;Marsippospermum;Marsupenaeus;Maruca;Mastacembelus;Mastigoproctus;Megacopta;Megaleranthis;Megaporus;Megatyphlops;Meghyperus;Melanonus;Melasis;Meles;Melipona;Melittangium;Melittia;Meriones;Merops;Mesanthemum;Mesodinium;Metadevescovina;Metapenaeus;Metapneumovirus;Metastrongylus;Methanolobus;Methylosulfonomonas;Metilia;Microbulbifer;Microcebus;Microciona;Microlaena;Microlepia;Micromyzon;Microphis;Micropogonias;Micropotamogale;Microprosopa;Millerozyma;Mimathyma;Minquartia;Miopithecus;Mirina;Mocyta;Momordica;Monilinia;Monoblepharella;Monoctonus;Monognathus;Mononchoides;Monsonia;Montipora;Morchella;Mordella;Moschus;Mucroberotha;Mulguraea;Mustela;Mycetocola;Mycoflexivirus;Mycoplana;Myoxocephalus;Myrsidea;Myxine;Naemorhedus;Nallachius;Nannochloropsis;Narceus;Narcissus;Neanthes;Nebalia;Neoceratodus;Neorhodomela;Neosardus;Nephila;Nephrurus;Nerodia;Neslia;Nipponopsalis;Nomada;Nothobranchius;Nothoceros;Notropis;Nucleorhabdovirus;Nucula;Nyctereutes;Nyctimene;Nyctixalus;Nymphon;Ochterus;Octodon;Odontoglaja;Oecophylla;Oedogonium;Oerskovia;Oligobrachia;Omphisa;Oncidium;Oncomelania;Opegrapha;Ophiocordyceps;Ophiocytium;Opsanus;Orbinia;Orchestia;Ornithocephalus;Orpinomyces;Orthoturdivirus;Orycteropus;Osgoodomys;Ostrea;Otopteropus;Otus;Ovomermis;Oxycera;Oxymycterus;Pachycladon;Pachypsylla;Paleosuchus;Pandorea;Panicum;Parachanna;Paracyclopina;Paragonimus;Parahelle;Paralepis;Paranthrene;Parascaris;Paratelius;Parechovirus;Paroedura;Parvovirus;Paspalum;Paulianina;Pectinaria;Pegasus;Pella;Pellia;Pentarhopalopilia;Peperomia;Perca;Perccottus;Perdix;Perga;Peridinium;Peripatus;Persea;Petrobius;Petroscirtes;Phacelurus;Phaedon;Phaenostictus;Phascogale;Philander;Philypnodon;Phloeodes;Phocoena;Phoenicopterus;Phoxinus;Phycomenes;Phyllium;Phyllogorgia;Phyllopertha;Piazurus;Picobirnavirus;Pilostyles;Pilularia;Planobispora;Plasmavirus;Plathemis;Platichthys;Plectrovirus;Plesiobatis;Plethodontohyla;Plodia;Plumbago;Plutella;Pocillopora;Podacarus;Podosesia;Podura;Polistes;Polyascus;Polybia;Polyblastia;Polymixia;Polyxena;Polyzonium;Porphyrio;Prasinococcus;Priapulus;Primula;Pristionchus;Proctophyllodes;Prognichthys;Pseudocentrotus;Pseudolabrus;Pseudoleptodeira;Pseudomugil;Pseudopleuronectes;Ptereleotris;Pteridium;Pterocles;Pteronotus;Pterothamnion;Ptilocaulis;Ptilota;Ptychoglossus;Ptyctolaemus;Ptyochromis;Pyramidella;Pyrgulopsis;Pyrocoelia;Pyrodictium;Quasipaa;Ramanella;Ramphastos;Rastrelliger;Rauvolfia;Reclinomonas;Redunca;Rhacophorus;Rhagades;Rhagologus;Rhea;Rhinomuraena;Rhipidocephala;Rhizanthes;Rhizophlyctis;Rhodnius;Rhodotorula;Rhopalomyia;Rhynchospora;Rousettus;Rumex;Ruta;Sabicea;Sacalia;Saccharina;Saccoloma;Saccorhiza;Saccostrea;Sagitta;Sagittaria;Salacia;Salinibacterium;Salpiglossis;Salsola;Salterprovirus;Sarcobatus;Sarcococca;Sarcophaga;Satyria;Sauropus;Sawyeria;Sciurus;Scolopendra;Scopelocheirus;Scorpio;Scythropia;Scytosiphon;Sedum;Senecio;Sequivirus;Seriatopora;Serinicoccus;Seriola;Sesamia;Sesbania;Setarches;Setosphaeria;Sexostrea;Siadenovirus;Sialia;Sibogagorgia;Simaba;Sinapis;Sinobacter;Sinogastromyzon;Sipanea;Siphluriscus;Sistrurus;Sitophilus;Skeletonema;Sminthurus;Soboliphyme;Soliformovum;Sonneratia;Sorbus;Sorghastrum;Spalax;Spalerosophis;Spartina;Sparus;Sphaerotilus;Sphyrna;Sphyrospermum;Spirogyra;Spizixos;Spodiopogon;Squalius;Steccherinum;Steinernema;Stellaria;Stellifer;Stemphylium;Stephanopogon;Stomatepia;Streptomonospora;Sturnella;Stygiocaris;Stylonychia;Subtercola;Sycoscapter;Sylvia;Symphyandra;Symsagittifera;Synanceia;Tagetes;Tamarindus;Tamias;Tarachina;Tarphius;Taxus;Tchagra;Tegenaria;Teladorsagia;Teleocichla;Tepidimicrobium;Tepidimonas;Terebratalia;Terebratulina;Terminalia;Terracoccus;Testudo;Tetrapanax;Tetraphis;Thalassophryne;Thalictrum;Thanatephorus;Themeda;Thermoascus;Thermomyces;Thinopyrum x Triticum;Thlaspi;Threpterius;Thryothorus;Thulinius;Thylacodes;Tigrisoma;Tilia;Tilletia;Tilletiaria;Tobamovirus;Topobea;Tor;Tornabea;Torreya;Toxoptera;Trachyandra;Trautvetteria;Tremella;Trepomonas;Tribolodon;Trichodelitschia;Trichotomospora;Trichovirus;Trigonectes;Trimastix;Trimeresurus;Triops;Tripsacum;Tripterocalyx;Tritoma;Tropidurus;Trypanoplasma;Turdus;Urochloa;Urosaurus;Urostyla;Valeriana;Venatrix;Venturia;Vernicia;Verrucosispora;Viburnum;Vidua;Villarsia;Viscum;Vitivirus;Vombatus;Warmingia;Wiebesia;Wurmbea;Xantusia;Xenopsylla;Xerospermophilus;Zamia;Zeuzera;Zygaena;Zygnema;unclassified (derived from Alcaligenaceae);unclassified (derived from Astroviridae);unclassified (derived from Betaflexiviridae);unclassified (derived from Birnaviridae);unclassified (derived from Bunyaviridae);unclassified (derived from Caliciviridae);unclassified (derived from Chlorophyta);unclassified (derived from Coronaviridae);unclassified (derived from Cyprinidae);unclassified (derived from Desulfohalobiaceae);unclassified (derived from Gymnotiformes);unclassified (derived from Mimiviridae);unclassified (derived from Nemertea);unclassified (derived from Oscillatoriales);unclassified (derived from Placozoa);unclassified (derived from Planctomycetaceae);unclassified (derived from Porphyromonadaceae);unclassified (derived from Ptilodactylidae);unclassified (derived from Rhynchonellata);unclassified (derived from Secoviridae);unclassified (derived from Sphacelariales);unclassified (derived from Sphingobacteriaceae);Pelomonas;Oxalicibacterium;Telluria;Alkalispirillum;Auxenochlorella;Marinobacterium;Fontanesia;Lavandula;Odoribacter;Pieris;Glechoma;Isatis;Microvirus;Oligella;Jeotgalibacillus;Empedobacter;Bituminaria;Bavariicoccus;Berberis;Rarobacter;Spirobacillus;Marinilabilia;Seinonella;Shorea;Orobanche;Spirillum;Haemoproteus;Nymphaea;Asaia;Ureibacillus;Desulfocella;Candidatus Cardinium;Thiobacter;unclassified (derived from Thermomonosporaceae);Dehalobacter;Kozakia;Pleurozia;Acetitomaculum;Candidatus Glomeribacter;Pigmentiphaga;Chloroidium;Torenia;Isaria;Tulipa;Ascobolus;Galaxias;Lepocinclis;Aniba;Cathaya;Centranthus;Corethron;Datura;Hibiscus;Leptobrachium;Leucoraja;Licaria;Mantoniella;Mougeotia;Ocotea;Oleria;Prymnesium;Pseudolachnostylis;Rhodostemonodaphne;Thelypteris;unclassified (derived from Lauraceae);Albulina;Allisonia;Bdellomicrovirus;Boselaphus;Campanula;Carpodacus;Chamaeleo;Chroococcidiopsis;Colpophyllia;Crangonyx;Cronquistia;Cyclopogon;Deparia;Dimocarpus;Drypetes;Echinostrephus;Eustigmatos;Geodia;Guettarda;Haematococcus;Hensmania;Heterochromis;Homalodisca;Hunnemannia;Ictidomys;Ircinia;Italochrysa;Lemur;Linconia;Molineria;Myzus;Nitrososphaera;Oldenlandia;Oncideres;Paralabidochromis;Peredibacter;Pilocarpus;Plumeria;Poranthera;Porcellio;Prochlorothrix;Prosaptia;Pterocarya;Scada;Scomber;Scopulophila;Tricliceras;Trypodendron;unclassified (derived from Dothideomycetes);unclassified (derived from Pleuronectiformes);Nephrolepis;Takakia;Tineola;Abrodictyum;Bryopsis;Deltalipothrixvirus;Devescovina;Alkalimonas;Balneatrix;Commelina;Didymoglossum;Galax;Ichthyophthirius;Machilus;Macroscelides;Omegatetravirus;Oraesia;Phenacobius;Polystichum;Pseudoeurycea;Synurella;Terrapene;Trithuria;Spadella;Japonolirion;Grimmia;Elaphe;Taiwanofungus;Strigamia;Limbodessus;Rhodocyclus;Latimeria;Methyloversatilis;Novocrania;Octopus;Trillium;Marsilea;Hister;Styela;Alphalipothrixvirus;Delitschia;Lumbriculus;Parhyale;Potamotrygon;Rhabdosargus;Spongilla;Acidomonas;Acropora;Agave;Ammonia;Butomus;Chimaphila;Dicraeanthus;Elodes;Himantura;Hynobius;Leea;Macrostomum;Microcara;Modiolus;Myodes;Myurium;Papuacedrus;Passerculus;Pleurochrysis;Rymovirus;Saruma;Teleopsis;Vultur;unclassified (derived from Cystoviridae);Ctenolabrus;Ophiorrhiza;Stereochilus;Brueelia;Chtenopteryx;Cladiella;Desmodus;Dicrostonyx;Diplosoma;Dirofilaria;Eirmotus;Gloiocephala;Humicola;Madeleinea;Oplegnathus;Phlogophora;Prodoxus;Trogon;Geminocystis;unclassified (derived from Hepadnaviridae);Brachyteles;Draparnaldia;Phaeotheca;Anoplophora;Pagrus;Pediobius;Australopyrum;Carpiodes;Alpheus;Anthopleura;Apatides;Aphomia;Argas;Arrhyton;Ascaloptynx;Bryum;Chaenocephalus;Elaenia;Haematoderus;Jynx;Makaira;Mutisia;Nassella;Nestor;Noctiluca;Patiria;Phytopythium;Pollachius;Pontellina;Pseudo-nitzschia;Sycophila;Taeniatherum;Trachurus;Vinca;Pseudaminobacter;Marmota;Eublepharis;Methylovirgula;Bothrops;Corvus;Cydia;Dipodillus;Dipsadoboa;Douglasdeweya;Edwardsia;Flavisolibacter;Limnadia;Moina;Monochamus;Mugil;Pithys;Porphyrostachys;Sphenodon;Tyrophagus;Zuniga;unclassified (derived from Thiotrichales);Thiocystis;Carukia;Buttiauxella;Artamus;Bacopa;Callosobruchus;Dasyurus;Deltavirus;Eriocephalus;Eurycyde;Helix;Hyporhamphus;Lithospermum;Luidia;Monstera;Radix;Rhampholeon;Sitodiplosis;Spermatozopsis;Ulocladium;Valencia;Vogesella;Zymoseptoria;Balaustium;Characidium;Dacus;Eremopyrum;Fomitopsis;Haliplanella;Matoatoa;Mecistops;Methylomicrobium;Pedomicrobium;Priapella;Thespesia;Aphanothece;Peronospora;Seculamonas;Bowmanella;Agathis;Coelogyne;Lagovirus;Widdringtonia;Artace;Betatetravirus;Cryptocellus;Ctenophorus;Cynara;Derocheilocaris;Fagus;Heliomaster;Hippoglossus;Hymenolepis;Jomonlithus;Liquidambar;Lockhartia;Lonsdalea;Olpidium;Pedicularis;Phyllonorycter;Procyon;Ranunculus;Rhizanthella;Rhyncholestes;Sphagnum;Stentor;Uria;Viola;Phytomyza;Scepticus;Uracentron;Ampullaria;Bipes;Camelina;Carmovirus;Chelonus;Eucalanus;Inga;Leclercia;Melampitta;Noccaea;Parascalops;Phormium;Pseudochrobactrum;Pseudoroegneria;Sephisa;Simonyella;Torovirus;Melitaea;Oxyrrhis;Alpheopsis;Libinia;Picrorhiza;Bauhinia;Coniothyrium;Emmelina;Hardenbergia;Kingia;Neoverruca;Petrochromis;Phodopus;Phytalmia;Pogona;Remasellus;Vesiculovirus;Waikavirus;Xanthoparmelia;Chelatococcus;Promicromonospora;Centroceras;Duganella;Prauserella;Candidatus Aquiluna;Gunnera;Alectoris;Nandina;Azospira;Fibrocapsa;unclassified (derived from Chromulinaceae);Arenibacter;Haslea;Clavaria;Mitsuaria;Spirillospora;Actinotalea;Anonychomyrma;Bulla;Chamaedorea;Chloromonas;Corydoras;Melampyrum;Mesotriton;Pachymedusa;Pelomedusa;Pelteobagrus;Pertusaria;Sporidiobolus;Tylopharynx;unclassified (derived from Fuselloviridae);unclassified (derived from Pantopoda);Galemys;Cosmopolites;Eichhornia;Monochoria;Arthrosaura;Carollia;Chaetodipus;Ishige;Neospora;Rhodothalassium;Robinia;Symphalangus;Typhlops;Xyris;Rourea;Capillaria;Adipicola;Bathymodiolus;Camptotheca;Ecdeiocolea;Erigeron;Pontastacus;Ascobulla;Anniella;Exostratum;Oligoryzomys;Wickerhamiella;Agastache;Elliptochloris;Hypoptychus;Odontomachus;Osteoglossum;Cronartium;Levizonus;Lundia;Telesto;Tragopan;unclassified (derived from Tombusviridae);Allolevivirus;Atelerix;Atractomorpha;Avihepadnavirus;Chrysolophus;Dimorphorchis;Dinothrombium;Erbovirus;Eremosyne;Gammapapillomavirus;Gammatorquevirus;Hecabolus;Leptonema;Limia;Lotharella;Lycopodium;Mycetophylax;Phragmipedium;Rena;Rheum;Rhodanobacter;Rotylenchulus;Septoria;Shinisaurus;Smittium;Speleonectes;Taricha;Thunbergia;Trichosanthes;Xenoturbella;unclassified (derived from Potyviridae);unclassified (derived from Rhizobiaceae);Acanthocheilonema;Acanthocyclops;Acrodipsas;Adolfus;Aeluropus;Aleuroglyphus;Alytes;Ammothea;Amphisbaena;Amphiuma;Ampullavirus;Andrena;Anelpistina;Anisakis;Antennolycus;Aphredoderus;Arbacia;Areca;Armillifer;Asteromyia;Astronotus;Atractaspis;Bafinivirus;Barbus;Bassia;Bicyclus;Blaesodactylus;Blastophysa;Bonnemaisonia;Boreogadus;Bowiea;Brugmansia;Caiman;Calothrix;Campylocentrum;Canalirogas;Canavalia;Capito;Capreolus;Catla;Celosia;Cercidiphyllum;Cestrum;Cetostoma;Chalmasia;Chaoborus;Chilonatalus;Chromatomyia;Cinna;Cischweinfia;Cleistanthus;Coenonympha;Conger;Connochaetes;Cooperia;Cophyla;Corispermum;Corynocarpus;Couchioplanes;Crax;Criniger;Curtovirus;Damiria;Danionella;Dasypogon;Deinagkistrodon;Dendrolimus;Desulfocaldus;Diploptera;Dipsosaurus;Dunnia;Elporia;Enhydris;Enterovibrio;Eranthemum;Erycina;Eschaneustyla;Eucorethra;Eupenicillium;Eutaeniophorus;Fallugia;Fejervarya;Fenneropenaeus;Flueggea;Fuscopannaria;Galeus;Gerbera;Glyptothorax;Graptacme;Heliamphora;Herniaria;Heterandria;Heteromastus;Hexagenia;Himantopus;Hydrolea;Hymeniacidon;Hypseocharis;Iguana;Ischnura;Julodis;Lamarckia;Laminaria;Laonastes;Lapemis;Latiborophaga;Lepidophyma;Lepidopyga;Leptochiton;Libytheana;Lipomyces;Lithobius;Loxothylacus;Megaselia;Melaloncha;Mesonauta;Metzgeria;Microcycas;Miichthys;Mimoides;Monocercomonoides;Muhlenbergia;Muraena;Muriella;Musculista;Myctophum;Myrmecophilus;Nannoperca;Natrinema;Neomicropteryx;Noturus;Novirhabdovirus;Nudobius;Obelia;Oeneis;Oleomonas;Oligonicella;Ophieleotris;Oxyuranus;Pagurus;Papenfussiella;Paraturdivirus;Pedionomus;Pegoscapus;Penelope;Petauroides;Pharmacophagus;Phoenix;Phoronis;Phrynosoma;Phytolacca;Pimephales;Platemys;Plateumaris;Polypedates;Prosopis;Proteomonas;Pseudechis;Pungitius;Rhizoclosmatium;Roeboides;Romanzoffia;Salangichthys;Sanguisorba;Securinega;Sesleria;Sibon;Sinantherina;Sminthopsis;Sparganium;Speculipastor;Stanieria;Stenochrus;Stephanostomum;Strongylus;Stylidium;Styrax;Swartzia;Sycon;Symphoricarpos;Synbranchus;Taupapillomavirus;Technomyrmex;Terribacillus;Tetraleurodes;Thesprotia;Thisbe;Tinea;Torradovirus;Torulaspora;Trapelus;Trichomegalosphys;Trichostrongylus;Tridentiger;Trigonopterus;Vaccaria;Verongula;Wakea;Wallichia;Xenisthmus;Ximenia;Xiphinema;unclassified (derived from Actinomycetales);unclassified (derived from Amphipoda);unclassified (derived from Arachnida);unclassified (derived from Batrachoidiformes);unclassified (derived from Carabidae);unclassified (derived from Eustigmatophyceae);unclassified (derived from Herpesvirales);unclassified (derived from Nassophorea);unclassified (derived from Totiviridae);Candidatus Hemobacterium;Potentilla;Aeribacillus;Aquitalea;Lachnospira;Cryptobranchus;Chroococcus;Disterigma;Chrysochromulina;Carphochaete;Gephyrocapsa;Gonystylus;Monodus;Revealia;Stylonema;Caldococcus;Cephalostachyum;Phanerophlebia;unclassified (derived from Alteromonadaceae);Peripatoides;Scutigera;Idiogaryops;Phrynus;Diphyscium;Striga;Callyspongia;Greyia;unclassified (derived from Labyrinthulida);Amoebidium;Chrysodidymus;Loxostege;Negombata;Sclerospora;Simkania;Anacropora;Astronesthes;Ceriantheopsis;Charina;Cystoseira;Diplometopon;Eremascus;Florenciella;Glaucocystis;Gloeophyllum;Loripes;Montastraea;Nereis;Plasmopara;Pseudocrenilabrus;Pseudotropheus;Rubus;Sander;Savalia;Tetranychus;Trachipterus;Candidatus Midichloria;Fragilariopsis;Daviesia;Lecane;Gueldenstaedtia;Adoxophyes;Candidatus Nicolleia;Rangifer;Vanilla;Fritillaria;Hemitomes;Jaaginema;Lobaria;Lynx;Micoletzkya;Nilaparvata;Parasitella;Trialeurodes;Chelidonium;Chironex;Clidoderma;Herdmania;Diadromus;Euchlanis;Actinophrys;Dipolydora;Jatropha;Lumbricus;Acanella;Atrina;Blakeslea;Capsala;Cerebratulus;Conocephalum;Cyphoma;Dibamus;Eumetopias;Galeolaria;Kalotermes;Limnothrix;Lygodactylus;Mantichorula;Megachasma;Metasequoia;Methylovulum;Microstegium;Pandoraea;Pterochthonius;Pueraria;Rivulus;Scopelogadus;Strophurus;unclassified (derived from Francisellaceae);Concoctio;Yucca;Illicium;Compsopogon;Mesotaenium;Eristalis;Cautires;Hapalogenys;Acytostelium;Allagoptera;Anisophyllea;Callimico;Chilobrachys;Costelytra;Crypthecodinium;Diervilla;Hiatella;Hirundo;Jakoba;Jordanella;Kinosternon;Moxostoma;Osbeckia;Portunus;Purdiaea;Sciadocladus;Stachytarpheta;Tetraclita;Tetragona;Thujopsis;Withania;Agkistrodon;Blastobotrys;Lobariella;Anilius;Aralia;Barbula;Bolitoglossa;Curvularia;Elsinoe;Gloeocantharellus;Gymnotus;Halophytum;Heuchera;Oreohelix;Tolypella;Stenistomera;
mgm4525537.3;6252;1007;4980;137;305;591;1433;32;69;1381;504;39;5310;713;4;3;316;17;6;579;4;11;32;1505;285;279;262;141;128;2;1;60;67;244;11;1;63;5;42;221;6;56;1;5;57;12;51;1;1;7;85;18;570;74;17;3;61;15;103;192;745;32;128;2640;1;220;4;17;41;4;80;25;11;165;14;24;1;10;76;6;8;1302;1;4;6;1;4;51;44;1;1;277;51;197;277;778;979;1;1914;2;2;9;631;2;3;80;1;1;497;830;3;4;4;407;26;1;543;1;9;463;136;2;276;473;15;2;45;1;123;1;1;1;102;20;1;25;50;1;97;1;5;7;617;5;18;108;16;21;35;13;35;3;22;188;4;47;192;4;8;36;12;1;2;2;9;30;28;1;2;1;1;2;222;16;1;1;12;2;3;48;82;106;38;16;14;10;1;6;397;37;1;1;478;18;430;23;189;1;21;13;13;1051;255;558;26;15;1;209;12;467;1;69;1168;565;1;380;315;188;1;75;284;656;193;270;5721;106;77;1;30;60;89;283;14;2876;240;98;222;211;236;35;159;182;85;256;132;340;688;40;62;236;130;43;118;62;164;126;117;205;130;81;35;81;198;95;183;50;1424;152;109;247;364;43;80;465;135;108;26;1;32;99;139;9;94;95;34;254;88;85;68;12;50;136;19;17;16;48;28;577;91;284;61;1732;196;1;58;2;60;26;83;32;117;288;41;14;125;52;55;61;59;30;49;160;3947;52;1;104;14;198;223;49;1;95;135;94;33;17;5;2427;12;965;475;58;138;157;80;29;20;142;929;51;22;105;48;26;31;35;19;5;32;14;31;1192;7583;31;267;11;77;23;78;80;10;14;6;95;10;2;9;12;23;423;19;14;8;38;30;28;69;104;8;449;50;99;39;22;112;78;113;19;8;663;8;17;29;71;67;8;65;1334;36;129;33;21;5;4;64;2;135;1;28;27;164;8;121;4;16;24;429;62;23;14;74;19;83;27;7;14;1;4;2;9;14;2;65;12;50;26;3;201;144;8;7;18;36;41;72;23;8;34;18;3;86;249;10;23;10;18;1;50;20;68;25;1;862;89;34;1;17;15;17;39;6;12;68;2;10;24;41;1;10;10;482;49;18;88;20;102;5;12;5;25;28;8;26;3;11;20;23;62;20;16;1;51;17;3;450;22;130;84;3;16;9;13;16;20;1;53;72;77;62;2;7;42;1;11;6;32;2;4;18;154;274;18;11;47;8;6;28;1;10;32;10;1;156;50;7;19;12;11;6;125;39;14;30;29;29;15;1;156;7;3;11;5;9;17;17;55;7;7;2;18;32;5;2;31;16;16;1;20;28;6;8;16;3;2;41;3;3;1;1;2;24;4;8;4;2;3;6;53;9;26;283;5;14;18;1;26;102;20;14;11;27;56;6;12;1;6;1;13;2;19;15;12;2;18;9;3;11;23;16;19;10;8;1;8;22;30;29;592;13;1;10;556;84;10;1;7;85;12;4;8;227;12;29;15;1;10;47;5;45;8;5;1;7;7;6;12;8;162;9;7;25;79;16;12;2;169;1;27;12;19;2;45;6;9;60;123;560;1;22;3;1;12;1;1;4;11;24;21;4;5;36;15;11;17;29;2;30;9;6;6;1;9;36;7;8;2;1;2;6;1;1;13;19;1;287;23;12;1;2;2;2;14;4;12;67;4;10;2;1;2;9;2;11;11;6;6;3;5;1;3;8;6;9;1;6;126;12;18;7;1;103;42;11;12;3;26;17;4;3;2;4;7;1;1;15;1;1;2;1;33;21;1;5;3;3;6;15;8;10;1;12;5;4;15;5;1;1;1;9;1;2;18;3;1;19;8;12;1;3;27;5;6;127;1;8;1;113;16;3;4;1;10;1;11;3;9;3;27;13;1;9;3;20;2;6;1;12;17;1;39;17;8;2;5;3;21;1;29;25;1;2;21;1;56;2;5;6;6;2;18;5;1;2;2;753;2;1;7;2;6;8;7;1;6;1;19;12;368;5;10;1;3;1074;1;1;2;4;2;2142;9;1;10;2;1;1;7;1;6;7;1;1;5;2;28;63;1;37;2;2;17;2;1;19;3;6;16;3;2;3;1;4;1;5;2;2;1;1;2;1;1;2;2;27;2;2;1;2;1;4;5;51;5;1;1;2;1;1;1;7;20;1;7;2;90;17;53;1;5;1;1;1;1;4;3;1;3;1;540;5;4;1;1;1;7;2;624;4;4;333;327;128;66;4;2;676;11;815;1;22;3;13;4;1;587;360;1;1;3;5;3;4;11;10;3;2;1;9;6;2;32;4;2;2;1;7;6;2;1;2;5;1;5;2;2;5;2;1;17;34;1;1;1;3;7;15;1;4;2;11;2;2;2;1;127;1;2;3;4;5;21;1;3;1;1;1;2;1;4;1;1;1;1;1;1;1;1;1;1;3;4;5;4;5;6;2;3;5;7;1;1;2;3;1;2;1;1;2;14;1;1;1;1;5;2;1;2;7;1;1;2;2;4;1;1;1;1;305;1;3;4;1;1;1;4;2;1;7;238;42;1;3;1;1;4;2;3;3;1;2;1;2;7;1;7;1;1;9;8;3;3;1;1;1;1;5;1;1;1;2147;102;84;1;4;4;12;2;1;1;1;1;13;1;3;4;1;1;1;1;7;1;2;1;1;3;1;2;1;2;3;1;2;1;3;1;1;39;1;2;1;2;1;1;7;16;1;1;8;7;1;1;1;1;1;1;1;3;16;1;3;1;3;1;1;1;2;1;1;1;1;1;1;1;1;2;1;1;1;1;1;1;1;2;28;29;2;1;1;1;3;1;1;2213;2;1;2;1;2;2;1;3;1;3;248;141;349;11;1;9;1;4;2;1;1;1;1;1;6;1;1;2;1;3;1;2;1;12;4;1;1;1;1;1;1;1;4;2;1;1;1;1;1;1;4;3;1;1;1;2;1;1;1;4;1;4;1;7;2;1;1;2;2;1;1;1;128;1;1;1;3;1;1;1;3;1;4;1;5;1;1;1;1;4;1;2;1;7;1;1;2;2;1;1;1;1;1;1;1;6;1;1;1;1;11;1;1;6;1;1;4;8;1;1;1;1;1;1;1;1;1;1;2;3;1;2;1;1;7;3;1;1;1;2;1;1;1;1;6;1;1;1;1;2;1;1;1;2;3;2;1;3;3;2;2;5;12;1;1;1;5;2;2;1;1;2;161;1;4;1;1;1;1;4;4;2;2;5;1;2;1;1;7;1;5;2;1;4;9;1;1;1;1;1;1;1;1;2;1;1;1;1;1;7;1;1;2;1;1;1;1;1;2;1;1;1;1;3;1;2;2;9;3;2;1;1;2;1;2;1;1;2;1;1;3;2;1;1;1;5;1;1;13;1;1;1;1;5;1;1;1;1;1;3;2;2;1;1;1;1;1;1;3;1;13;1;1;10;1;1;1;3;3;1;1;1;1;1;1;1;1;1;8;3;1;3;1;3;8;1;1;1;2;2;1;1;1;2;2;1;5;1;1;5;1;1;1;1;1;11;1;1;1;1;3;1;1;3;1;1;1;1;1;2;1;1;20;1;1;1;1;2;12;3;5;1;1;11;1;5;3;1;1;1;1;1;1;2;1;1;1;3;1;1;1;2;1;4;8;1;1;7;1;1;1;1;7;2;1;6;4;1;1;11;1;1;1;1;1;1;5;2;1;1;1;2;7;1;3;2;8;3;2;1;11;5;3;1;2;1;2;1;1;1;1;1;1;1;2;1;1;1;1;2;1;1;1;1;1;1;1;2;8;135;4;1;42;31;674;1;1;22;55;1;5;1;5;4;4;1;3;2;1;2;3;2;5;2;2;1;4;1;1;276;1;134;1;1;2;2;3;1;1;1;1;1;1;2;1;1;1;1;2;1;1;1;1;2;2;1;6;1;1;1;4;1;1;1;1;1;1;1;1;1;2;1;1;1;9;1;1;2;1;1;33;1;7;1;1;2;1;1;2;3;1;2;2;1;4;1;1;1;2;2;1;1;1;1;2;4;1;1;1;3;1;4;21;1;1;1;1;2;4;1;1;10;8;5;5;2;3;40;3;3;3;2;2;36;1;2;2;1;1;1;1;2;1;3;1;1;1;1;1;1;1;1;1;1;6;2;1;1;244;7;1;14;1;1;1;3;7;2;2;1;2;5;1;4;1;3;1;3;1;2;2;3;2;2;1;1;1;1;1;3;1;1;1;10;1;1;4;1;15;1;1;1;1;1;1;7;1;1;1;1;1;1;1;28;1;1;2;1;7;11;4;1;1;1;4;2;3;7;2;3;1;4;2;14;1;2;1;2;1;1;13;1;1;1;12;2;1;1;1;2;1;32;1;3;3;1;10;6;1;10;6;5;4;3;2;1;1;1;2;4;2;2;1;1;2;44;8;1;1;12;1;1;3;8;1;1;2;8;8;2;1;7;1;7;1;1;7;7;2;1;7;2;1;3;7;1;2;7;6;6;1;1;1;6;2;1;1;6;4;1;3;3;1;1;1;1;1;4;3;3;1;1;1;3;6;6;1;1;6;1;1;5;1;6;4;1;45;4;5;1;2;5;5;5;1;5;1;6;1;5;5;5;1;1;4;6;1;1;5;5;1;1;1;1;1;1;5;5;5;5;5;1;1;1;4;6;3;1;1;4;3;4;2;4;1;1;2;4;4;1;1;1;1;4;1;4;1;1;4;1;1;4;4;1;4;1;2;1;2;1;4;18;4;1;4;1;4;4;4;1;1;3;2;1;1;1;19;1;1;4;1;2;2;4;1;2;3;3;3;1;3;3;4;3;3;3;3;3;3;3;3;2;3;3;1;1;3;1;1;3;3;3;1;3;3;6;3;3;3;1;2;1;1;1;2;1;3;1;2;3;3;3;1;3;2;1;1;1;1;3;3;3;1;3;3;1;4;3;1;1;3;1;1;1;2;3;3;1;1;1;1;1;1;2;3;1;5;3;1;3;1;2;1;3;2;3;3;2;1;3;1;3;1;3;2;2;3;1;1;1;3;1;3;1;1;1;3;3;3;3;3;1;3;3;1;3;3;1;1;1;3;1;7;2;2;2;2;2;2;28;1;1;2;13;1;2;1;2;1;2;2;2;6;2;2;2;1;1;1;2;1;2;2;7;2;2;2;1;1;2;2;2;2;7;2;2;3;2;2;2;1;2;2;1;2;1;2;2;2;2;2;2;1;2;1;2;2;2;2;2;2;2;2;2;2;2;2;2;5;2;2;2;2;2;5;1;2;2;2;2;2;2;2;2;1;2;1;2;2;2;1;3;2;2;1;1;2;2;1;2;2;1;2;1;1;4;2;2;2;1;1;1;1;2;2;1;2;2;1;1;2;2;1;2;2;2;2;1;1;2;2;1;1;2;1;2;1;2;2;2;2;2;2;1;2;2;1;3;2;2;1;2;2;2;2;1;2;2;1;1;1;2;2;2;2;2;2;2;2;2;2;2;2;2;2;2;1;2;2;2;1;1;2;3;2;2;2;2;2;2;1;2;2;1;2;2;1;2;2;1;1;2;1;1;2;2;2;2;2;1;2;2;2;1;2;2;1;2;2;1;1;2;2;2;2;2;1;2;2;2;1;2;1;1;2;2;1;2;48;1;2;1;3;1;3;1;1;46;2;2;2;2;2;2;2;2;2;2;4;2;2;2;3;2;2;2;1;1;2;2;2;2;2;2;2;1;2;1;2;2;2;2;1;1;1;1;1;1;4;1;1;1;1;1;1;1;1;1;7;1;1;1;1;1;1;1;1;1;1;1;1;1;3;1;1;1;1;1;1;1;2;1;1;1;1;1;1;1;1;1;1;1;1;1;1;1;1;1;1;1;3;1;1;1;1;2;4;1;5;1;1;1;1;1;1;1;1;1;2;1;1;1;1;1;1;1;1;1;1;1;1;1;1;2;1;1;1;1;1;1;1;1;9;1;1;1;1;1;1;4;1;1;1;1;1;1;1;2;1;1;1;3;1;1;1;1;1;1;1;37;1;1;1;1;1;1;1;1;1;1;1;1;1;1;1;1;1;1;1;1;1;1;1;1;1;1;6;1;1;1;1;2;1;2;1;1;1;1;1;1;1;1;1;1;1;1;1;1;1;1;1;2;1;24;1;1;1;1;1;2;1;1;1;1;1;1;1;1;1;1;1;1;1;1;1;1;1;1;1;1;1;1;1;1;1;1;1;1;1;1;1;1;1;1;1;1;1;1;1;1;2;1;1;1;2;1;1;1;1;1;1;1;1;1;1;1;1;1;1;1;1;1;1;1;1;8;1;1;1;1;1;13;1;1;1;1;2;1;1;1;1;1;1;119;1;1;1;1;1;14;1;1;1;1;1;1;1;1;1;1;1;1;1;1;1;1;1;1;1;1;1;1;1;1;1;5;2;1;1;1;1;1;1;1;1;1;1;1;1;1;20;1;2;1;1;2;1;1;1;1;1;1;1;1;1;1;1;1;357;1;1;1;1;1;1;1;1;1;1;1;1;1;1;1;1;1;1;1;1;1;1;1;1;1;1;1;1;1;1;1;1;8;1;1;1;1;1;1;1;1;1;1;1;1;1;2;1;1;2;1;1;1;1;2;1;1;1;2;1;1;1;1;1;1;1;1;1;1;1;1;1;1;1;1;1;1;2;1;1;1;1;14;1;1;1;1;2;1;1;1;1;1;1;1;1;1;1;1;1;1;1;1;1;1;1;1;1;1;1;1;1;1;1;2;1;1;1;1;1;1;1;1;1;1;1;1;1;1;1;1;1;1;1;1;1;1;1;2;1;1;1;1;1;1;1;1;1;1;1;1;1;1;1;1;1;1;1;1;1;1;1;4;1;1;1;1;1;1;1;1;1;1;1;1;1;1;1;1;1;1;1;1;3;1;1;1;1;1;1;1;1;2;1;1;1;1;1;1;1;1;1;1;1;1;1;1;1;1;1;1;1;1;1;1;1;1;1;1;1;1;1;1;22;1;1;1;4;1;1;1;1;1;2;1;1;1;1;1;1;5;1;1;1;1;1;1;1;1;1;1;1;1;1;1;1;1;5;1;2;1;25;1;1;1;1;1;1;1;1;1;1;1;1;1;1;1;1;1;1;2;1;1;1;1;1;1;1;1;1;1;1;1;1;1;1;1;2;1;1;1;1;1;1;1;53;1;1;1;1;1;1;1;1;1;1;1;1;1;1;1;1;1;1;1;1;1;1;1;1;1;1;1;1;1;1;1;1;1;1;1;1;1;1;1;1;1;19;1;1;1;1;2;1;1;1;1;1;1;1;1;1;1;1;1;1;1;1;1;1;1;1;1;1;1;1;1;1;1;1;1;1;1;1;1;1;1;1;1;1;1;1;1;1;1;1;1;1;1;1;1;1;1;1;1;1;1;1;1;1;1;2;1;1;1;1;1;1;1;1;1;1;1;1;1;1;1;1;6;1;1;1;1;1;1;1;19;1;1;1;1;1;1;1;1;1;1;1;1;1;1;1;1;1;1;1;1;1;1;1;1;1;12;1;1;2;1;1;1;1;1;1;1;1;1;1;1;1;1;1;1;1;1;1;1;1;1;1;1;1;1;1;1;1;1;1;1;1;1;2;1;1;1;1;1;1;1;1;1;1;1;1;1;1;1;1;1;1;1;1;1;1;1;2;1;1;1;1;1;1;1;1;1;1;1;4;1;1;1;1;1;1;1;1;1;1;1;1;1;1;1;1;1;1;1;1;1;1;1;1;2;1;1;1;1;1;1;1;1;1;1;1;1;1;1;1;1;2;1;1;1;1;24;4;1;10;9;7;1;4;4;6;2;11;3;1;1;2;6;1;1;1;1;1;1;22;2;1;1;1;2;25;19;13;11;6;6;5;5;5;4;1;2;2;1;1;1;1;2;1;1;2;2;7;2;2;2;2;1;2;2;1;2;32;2;1;2;1;1;1;1;1;1;1;1;1;1;1;1;1;1;1;1;1;1;2;1;1;1;1;1;1;4;8;1;2;1;1;1;1;1;1;1;1;1;1;1;11;1;1;3;1;1;1;1;1;1;1;4;1;4;2;2;2;2;1;1;1;1;1;1;1;1;1;1;1;1;1;2;1;1;25;1;13;12;2;11;6;1;5;4;5;1;5;1;3;1;2;2;2;3;1;2;2;3;1;1;1;1;1;1;1;1;2;1;1;1;1;1;1;1;1;2;1;1;1;1;1;2;2;1;1;1;1;1;1;1;1;1;1;1;1;5;1;1;1;52;1;4;4;2;3;3;3;2;2;1;1;1;1;7;1;1;1;1;1;1;1;8;1;1;1;1;1;1;1;1;8;1;1;1;1;19;3;1;2;2;1;2;1;1;1;1;1;1;1;1;1;1;1;1;1;1;1;8;3;2;1;1;1;1;1;1;1;1;1;1;1;1;1;1;1;1;1;1;1;1;1;1;1;2;1;1;1;1;17;1;1;11;3;1;4;3;2;2;2;2;1;1;1;1;1;1;1;1;1;1;17;1;1;1;1;1;1;1;1;1;1;2;1;1;3;2;2;1;1;1;1;1;1;1;1;1;1;1;1;1;1;1;1;1;1;8;4;2;2;2;1;1;1;1;1;1;1;1;1;1;1;1;1;1;5;3;2;2;2;1;4;1;2;1;4;2;1;1;1;16;7;3;1;1;1;1;1;1;1;1;1;1;1;1;1;1;1;9;2;2;2;1;1;1;1;1;1;1;1;1;1;1;4;1;1;1;1;1;1;13;3;3;2;2;1;1;1;1;1;4;4;4;3;3;3;2;2;2;2;2;2;2;2;2;2;2;2;2;2;2;2;2;2;2;2;2;2;2;2;2;2;2;2;2;2;2;2;1;1;1;1;1;1;1;1;1;1;1;1;1;1;1;1;1;1;1;1;1;1;1;1;1;1;1;1;1;1;1;1;1;1;1;1;1;1;1;1;1;1;1;1;1;1;1;1;1;1;1;1;1;1;1;1;1;1;1;1;1;1;1;1;1;1;1;1;1;1;1;1;1;1;1;1;1;1;1;1;1;1;1;1;1;1;1;1;1;1;1;1;1;1;1;1;1;1;1;1;1;1;2;1;1;1;1;1;1;1;1;1;1;1;1;1;1;1;1;1;1;1;1;1;1;1;1;1;1;1;1;1;1;1;1;1;1;1;1;1;1;1;1;1;1;1;1;1;1;1;1;1;1;1;1;1;1;1;1;1;1;1;1;1;1;1;1;1;1;1;1;5;1;1;1;1;1;1;1;1;1;1;1;1;1;1;1;1;1;1;1;1;1;1;1;1;1;1;1;1;1;1;1;2;1;1;1;1;1;1;1;2;1;4;1;1;5;1;1;3;1;1;1;1;1;1;1;1;1;1;37;18;16;10;5;4;3;3;3;2;2;2;2;2;2;1;1;1;1;1;1;1;1;1;1;1;1;1;1;1;1;1;1;1;1;1;4;3;1;1;7;6;2;2;2;1;1;1;1;1;1;17;9;9;6;4;4;4;3;3;2;2;2;2;1;1;1;1;1;1;1;1;1;1;1;1;1;1;1;1;1;1;1;1;1;1;1;1;1;1;9;4;1;1;2;2;2;1;1;1;1;1;1;1;1;1;1;1;1;1;1;1;1;1;1;1;1;1;1;1;2;2;2;1;1;1;1;1;1;1;1;1;1;1;1;1